1.e-5	0.00009238192916840534
0.00101	0.009311148207040737
0.00201	0.018491690469465544
0.00301	0.027634400936486374
0.00401	0.03673964103350797
0.00501	0.04580776547646496
0.00601	0.054839137706215145
0.00701	0.06383410054531263
0.00801	0.07279301538635756
0.00901	0.08171620127910467
0.01001	0.09060399179631283
0.01101	0.09945671525533274
0.01201	0.10827468001762423
0.01301	0.11705821817033306
0.01401	0.12580764265689717
0.01501	0.13452323115000053
0.01601	0.1432053972424543
0.01701	0.15185518354228728
0.01801	0.1604715199284915
0.01901	0.1690541909840237
0.02001	0.17760172586289788
0.02101	0.18611356292066253
0.02201	0.19459268797015808
0.02301	0.20304016102496275
0.02401	0.21145798693971504
0.02501	0.21984860502250445
0.02601	0.22820945291507577
0.02701	0.23654044774906352
0.02801	0.2448415066561023
0.02901	0.2531116111292452
0.03001	0.261351523696416
0.03101	0.2695618043567573
0.03201	0.27774271015658364
0.03301	0.2858944981422098
0.03401	0.29401761838475843
0.03501	0.30211212984090724
0.03601	0.31017820319174505
0.03701	0.31821604243995655
0.03801	0.3262258515882264
0.03901	0.33420784715274177
0.04001	0.34216222843608346
0.04101	0.35008918524316235
0.04201	0.3579889171109175
0.04301	0.36586162357628843
0.04401	0.3737075041762142
0.04501	0.38152683315431113
0.04601	0.3893197350261383
0.04701	0.39708638345655123
0.04801	0.40482696296407067
0.04901	0.41254165806721765
0.05001	0.42023065328451276
0.05101	0.4278942025125358
0.05201	0.4355324298017161
0.05301	0.44314548843602275
0.05401	0.45073354953155675
0.05501	0.4582967842044191
0.05601	0.46583536357071065
0.05701	0.4733494888495017
0.05801	0.4808393596817589
0.05901	0.48830507366128134
0.06001	0.4957467894489062
0.06101	0.5031646657054706
0.06201	0.5105588610918115
0.06301	0.5179295342687661
0.06401	0.525276892206944
0.06501	0.5326010962078478
0.06601	0.539902237251732
0.06701	0.5471804614582579
0.06801	0.5544359149470877
0.06901	0.5616687438378826
0.07001	0.5688790942503044
0.07101	0.5760671343811669
0.07201	0.5832330685235997
0.07301	0.5903769503213198
0.07401	0.5974989145768993
0.07501	0.6045990960929104
0.07601	0.6116776296719256
0.07701	0.618734650116517
0.07801	0.6257702922292566
0.07901	0.6327847472825684
0.08001	0.6397781326208084
0.08101	0.6467505300187006
0.08201	0.6537020645083279
0.08301	0.6606328611217727
0.08401	0.6675430448911177
0.08501	0.6744327408484456
0.08601	0.6813020740258391
0.08701	0.6881512311762636
0.08801	0.6949803264956167
0.08901	0.70178941964314
0.09001	0.7085786252792303
0.09101	0.7153480580642846
0.09201	0.7220978326586995
0.09301	0.7288280637228721
0.09401	0.7355388659171987
0.09501	0.7422303643825506
0.09601	0.7489027585513914
0.09701	0.7555560594834931
0.09801	0.7621903732089392
0.09901	0.7688058057578135
0.10001	0.7754024631601998
0.10101	0.7819804514461817
0.10201	0.7885398766458429
0.10301	0.7950808447892672
0.10401	0.8016034932576976
0.10501	0.8081079767361862
0.10601	0.8145943116588498
0.10701	0.8210625956859086
0.10801	0.8275129264775823
0.10901	0.833945401694091
0.11001	0.8403601189956547
0.11101	0.8467571760424929
0.11201	0.8531366704948259
0.11301	0.8594987070568948
0.11401	0.8658434802624078
0.11501	0.8721709767800051
0.11601	0.8784812866819356
0.11701	0.8847745000404478
0.11801	0.8910507069277906
0.11901	0.8973099974162125
0.12001	0.9035524615779623
0.12101	0.9097781894852888
0.12201	0.9159872712104403
0.12301	0.9221798476760752
0.12401	0.9283560158332589
0.12501	0.9345157988075027
0.12601	0.9406592797241236
0.12701	0.9467865417084386
0.12801	0.9528976678857646
0.12901	0.9589927413814185
0.13001	0.9650718453207173
0.13101	0.9711350628289782
0.13201	0.9771824770315178
0.13301	0.9832142288096855
0.13401	0.9892304086022735
0.13501	0.9952310248220614
0.13601	1.0012161533411015
0.13701	1.0071858700314464
0.13801	1.0131402507651495
0.13901	1.0190793714142625
0.14001	1.025003307850839
0.14101	1.0309121359469313
0.14201	1.0368059315745923
0.14301	1.0426847771480772
0.14401	1.0485488271882808
0.14501	1.054398067724019
0.14601	1.06023256967904
0.14701	1.0660524039770904
0.14801	1.0718576415419188
0.14901	1.077648353297272
0.15001	1.0834246101668983
0.15101	1.089186483074545
0.15201	1.0949340429439598
0.15301	1.1006673606988902
0.15401	1.106386546054163
0.15501	1.1120917246209037
0.15601	1.1177828661130456
0.15701	1.123460034783041
0.15801	1.1291232948833414
0.15901	1.1347727106663985
0.16001	1.1404083463846644
0.16101	1.14603026629059
0.16201	1.1516385346366278
0.16301	1.1572332156752294
0.16401	1.1628143736588463
0.16501	1.1683820811060233
0.16601	1.1739364562704662
0.16701	1.179477497886277
0.16801	1.1850052669077245
0.16901	1.190519824289077
0.17001	1.1960212309846034
0.17101	1.2015095479485718
0.17201	1.2069848361352513
0.17301	1.2124471564989099
0.17401	1.2178965699938167
0.17501	1.2233331375742398
0.17601	1.2287569201944482
0.17701	1.2341680353054523
0.17801	1.2395665313988118
0.17901	1.2449524190732066
0.18001	1.2503257548328202
0.18101	1.255686595181836
0.18201	1.2610349966244374
0.18301	1.266371015664808
0.18401	1.2716947088071313
0.18501	1.2770061325555906
0.18601	1.2823053434143696
0.18701	1.2875923978876516
0.18801	1.2928673524796201
0.18901	1.298130405019401
0.19001	1.3033815626239602
0.19101	1.3086207757023933
0.19201	1.3138480910849544
0.19301	1.3190635556018973
0.19401	1.324267216083476
0.19501	1.329459119359944
0.19601	1.3346393122615556
0.19701	1.3398078416185648
0.19801	1.3449647542612249
0.19901	1.3501100970197901
0.20001	1.355243916724514
0.20101	1.3603662455550902
0.20201	1.365477100380528
0.20301	1.3705765751828851
0.20401	1.3756647190716276
0.20501	1.380741581156221
0.20601	1.3858072105461323
0.20701	1.3908616563508276
0.20801	1.3959049676797728
0.20901	1.4009371936424342
0.21001	1.405958383348278
0.21101	1.4109685859067707
0.21201	1.415967850427378
0.21301	1.4209562260195667
0.21401	1.4259338529186372
0.21501	1.430900776129017
0.21601	1.435856948833455
0.21701	1.4408024136570243
0.21801	1.4457372132247983
0.21901	1.4506613901618506
0.22001	1.455574987093254
0.22101	1.460478046644082
0.22201	1.4653706114394076
0.22301	1.4702527241043046
0.22401	1.4751244272638455
0.22501	1.4799857635431042
0.22601	1.4848367755671537
0.22701	1.4896775276132002
0.22801	1.4945080767297731
0.22901	1.499328427021939
0.23001	1.5041386191442858
0.23101	1.5089386937514013
0.23201	1.5137286914978738
0.23301	1.518508653038291
0.23401	1.5232786190272412
0.23501	1.5280386301193123
0.23601	1.532788726969092
0.23701	1.5375289502311689
0.23801	1.5422593405601306
0.23901	1.5469799386105654
0.24001	1.551690785037061
0.24101	1.5563920480733342
0.24201	1.5610836605567862
0.24301	1.5657656351186913
0.24401	1.57043800759833
0.24501	1.5751008138349822
0.24601	1.5797540896679287
0.24701	1.58439787093645
0.24801	1.589032193479826
0.24901	1.5936570931373373
0.25001	1.5982726057482641
0.25101	1.6028787671518872
0.25201	1.6074756131874863
0.25301	1.6120631796943425
0.25401	1.6166415025117356
0.25501	1.621210663362512
0.25601	1.6257706545003978
0.25701	1.6303215067843606
0.25801	1.6348632545625497
0.25901	1.6393959321831137
0.26001	1.6439195739942014
0.26101	1.6484342143439616
0.26201	1.6529398875805434
0.26301	1.6574366280520958
0.26401	1.661924470106767
0.26501	1.6664034480927064
0.26601	1.6708735963580623
0.26701	1.6753349492509841
0.26801	1.6797875411196206
0.26901	1.684231472000124
0.27001	1.688666749179709
0.27101	1.693093363878559
0.27201	1.69751134742425
0.27301	1.7019207311443576
0.27401	1.706321546366457
0.27501	1.7107138244181237
0.27601	1.7150975966269333
0.27701	1.7194728943204618
0.27801	1.7238397488262844
0.27901	1.728198191471977
0.28001	1.7325482535851147
0.28101	1.7368899664932735
0.28201	1.741223361524029
0.28301	1.7455484700049564
0.28401	1.7498654139975824
0.28501	1.7541741398885207
0.28601	1.758474668429678
0.28701	1.7627670282758165
0.28801	1.7670512480816982
0.28901	1.771327356502085
0.29001	1.7755953821917392
0.29101	1.7798553538054225
0.29201	1.784107299997897
0.29301	1.7883512494239244
0.29401	1.7925872307382673
0.29501	1.796815272595687
0.29601	1.8010354036509457
0.29701	1.8052476525588057
0.29801	1.8094520479740284
0.29901	1.8136486865920758
0.30001	1.8178375417649262
0.30101	1.8220186258215934
0.30201	1.82619196530229
0.30301	1.8303575867472286
0.30401	1.834515516696622
0.30501	1.8386657816906828
0.30601	1.8428084082696243
0.30701	1.8469434229736588
0.30801	1.8510708523429988
0.30901	1.8551907229178575
0.31001	1.8593030612384478
0.31101	1.8634078938449818
0.31201	1.867505247277673
0.31301	1.8715951480767334
0.31401	1.8756776428673545
0.31501	1.8797527761973822
0.31601	1.883820534781184
0.31701	1.887880943729087
0.31801	1.8919340281514185
0.31901	1.8959798131585053
0.32001	1.9000183238606747
0.32101	1.9040495853682535
0.32201	1.9080736227915691
0.32301	1.9120904612409486
0.32401	1.9161001258267187
0.32501	1.9201026416592069
0.32601	1.92409803384874
0.32701	1.928086327505645
0.32801	1.9320675477402496
0.32901	1.93604171966288
0.33001	1.9400089269721366
0.33101	1.9439692021572945
0.33201	1.947922500462335
0.33301	1.951868844078241
0.33401	1.9558082551959952
0.33501	1.9597407560065805
0.33601	1.9636663687009788
0.33701	1.9675851154701733
0.33801	1.9714970185051461
0.33901	1.9754020999968809
0.34001	1.9793003821363593
0.34101	1.9831918871145642
0.34201	1.9870766371224784
0.34301	1.9909546543510848
0.34401	1.994825960991365
0.34501	1.9986905792343028
0.34601	2.0025485388948705
0.34701	2.006399885291277
0.34801	2.0102446089528323
0.34901	2.0140827312173433
0.35001	2.017914273422618
0.35101	2.0217392569064656
0.35201	2.025557703006693
0.35301	2.0293696330611093
0.35401	2.0331750684075223
0.35501	2.03697403038374
0.35601	2.0407665403275703
0.35701	2.0445526195768218
0.35801	2.0483322894693026
0.35901	2.0521055713428207
0.36001	2.055872486535184
0.36101	2.0596330563842007
0.36201	2.0633873022276794
0.36301	2.067135301728548
0.36401	2.0708770674361454
0.36501	2.074612570036774
0.36601	2.0783418286539748
0.36701	2.0820648624112907
0.36801	2.0857816904322615
0.36901	2.0894923318404297
0.37001	2.0931968057593364
0.37101	2.0968951313125235
0.37201	2.100587327623532
0.37301	2.104273413815904
0.37401	2.10795340901318
0.37501	2.111627332338902
0.37601	2.115295202916612
0.37701	2.1189570398698514
0.37801	2.1226128623221605
0.37901	2.126262689397082
0.38001	2.12990656489085
0.38101	2.1335445090518195
0.38201	2.1371765138161294
0.38301	2.1408025972810805
0.38401	2.144422777543973
0.38501	2.1480370727021074
0.38601	2.1516455008527857
0.38701	2.155248080093308
0.38801	2.1588448285209743
0.38901	2.1624357642330856
0.39001	2.1660209053269432
0.39101	2.1696002698998473
0.39201	2.1731738760490993
0.39301	2.176741741871999
0.39401	2.180303885465847
0.39501	2.183860324927945
0.39601	2.187411078355593
0.39701	2.1909561673171303
0.39801	2.19449568806093
0.39901	2.1980295755654775
0.40001	2.201557846283433
0.40101	2.2050805166674556
0.40201	2.2085976031702055
0.40301	2.2121091222443408
0.40401	2.2156150903425225
0.40501	2.2191155239174094
0.40601	2.222610439421661
0.40701	2.226099853307936
0.40801	2.2295837820288953
0.40901	2.233062242037198
0.41001	2.2365352497855033
0.41101	2.240002821726471
0.41201	2.2434649743127597
0.41301	2.24692172399703
0.41401	2.2503730872319405
0.41501	2.2538190913037606
0.41601	2.257259783788637
0.41701	2.2606951381321756
0.41801	2.2641251698092373
0.41901	2.267549894294683
0.42001	2.270969327063375
0.42101	2.274383483590174
0.42201	2.277792379349941
0.42301	2.2811960298175373
0.42401	2.2845944504678246
0.42501	2.287987656775663
0.42601	2.291375664215915
0.42701	2.294758488263441
0.42801	2.2981361443931023
0.42901	2.3015086480797597
0.43001	2.3048760147982756
0.43101	2.3082382600235105
0.43201	2.3115953992303253
0.43301	2.3149474478935814
0.43401	2.3182945043949106
0.43501	2.32163650205115
0.43601	2.3249734528130355
0.43701	2.3283053706516474
0.43801	2.3316322695380673
0.43901	2.334954163443375
0.44001	2.3382710663386517
0.44101	2.3415829921949785
0.44201	2.344889954983435
0.44301	2.3481919686751036
0.44401	2.3514890472410634
0.44501	2.354781204652396
0.44601	2.3580684548801822
0.44701	2.3613508118955027
0.44801	2.3646282896694375
0.44901	2.367900902173068
0.45001	2.371168663377475
0.45101	2.37443158725374
0.45201	2.377689703831449
0.45301	2.380943039830931
0.45401	2.3841915794789323
0.45501	2.3874353359822686
0.45601	2.3906743225477545
0.45701	2.393908552382203
0.45801	2.397138038692429
0.45901	2.4003627946852464
0.46001	2.4035828335674703
0.46101	2.4067981685459148
0.46201	2.410008812827393
0.46301	2.4132147796187207
0.46401	2.4164160821267116
0.46501	2.41961273355818
0.46601	2.42280474711994
0.46701	2.4259921360188055
0.46801	2.4291749134615914
0.46901	2.432353092655113
0.47001	2.435526686806182
0.47101	2.4386957297946976
0.47201	2.4418602532893003
0.47301	2.4450202301760693
0.47401	2.4481756726845254
0.47501	2.4513265930441888
0.47601	2.4544730034845803
0.47701	2.457614916235222
0.47801	2.460752343525634
0.47901	2.4638852975853367
0.48001	2.467013790643852
0.48101	2.4701378349307
0.48201	2.473257442675402
0.48301	2.4763726261074783
0.48401	2.4794833974564514
0.48501	2.48258976895184
0.48601	2.485691752823166
0.48701	2.4887893612999505
0.48801	2.4918826066117146
0.48901	2.494971500987978
0.49001	2.4980560566582626
0.49101	2.5011363464545826
0.49201	2.504212325061162
0.49301	2.507283999825792
0.49401	2.510351381969602
0.49501	2.513414482713722
0.49601	2.516473313279281
0.49701	2.5195278848874083
0.49801	2.522578208759233
0.49901	2.5256242961158857
0.50001	2.5286661581784933
0.50101	2.531703806168188
0.50201	2.534737251306098
0.50301	2.537766504813352
0.50401	2.5407915779110803
0.50501	2.5438124818204115
0.50601	2.5468292277624762
0.50701	2.549841826958402
0.50801	2.55285029062932
0.50901	2.5558546299963587
0.51001	2.5588548649553635
0.51101	2.5618510494539173
0.51201	2.564843142395695
0.51301	2.5678311540976346
0.51401	2.5708150948766755
0.51501	2.5737949750497577
0.51601	2.5767708049338203
0.51701	2.5797425948458033
0.51801	2.5827103551026447
0.51901	2.5856740960212843
0.52001	2.5886338279186614
0.52101	2.591589561111716
0.52201	2.594541305917387
0.52301	2.5974890726526136
0.52401	2.6004328716343355
0.52501	2.6033727131794917
0.52601	2.6063086076050217
0.52701	2.6092405652278647
0.52801	2.6121685963649597
0.52901	2.6150927113332467
0.53001	2.618012920449665
0.53101	2.62092926564534
0.53201	2.6238417266814085
0.53301	2.6267503119435993
0.53401	2.6296550312707088
0.53501	2.6325558945015373
0.53601	2.635452911474883
0.53701	2.6383460920295434
0.53801	2.641235446004318
0.53901	2.644120983238004
0.54001	2.6470027135694014
0.54101	2.6498806468373077
0.54201	2.652754792880522
0.54301	2.6556251615378423
0.54401	2.6584917626480675
0.54501	2.6613546060499957
0.54601	2.6642137015824257
0.54701	2.6670690590841564
0.54801	2.6699206883939848
0.54901	2.672768599350711
0.55001	2.675612801793133
0.55101	2.6784533349160893
0.55201	2.6812902275305457
0.55301	2.684123439796056
0.55401	2.686952980466771
0.55501	2.689778858296843
0.55601	2.692601082040423
0.55701	2.6954196604516634
0.55801	2.6982346022847157
0.55901	2.7010459162937317
0.56001	2.703853611232864
0.56101	2.7066576958562627
0.56201	2.70945817891808
0.56301	2.712255069172469
0.56401	2.7150483753735797
0.56501	2.7178381062755648
0.56601	2.7206242706325763
0.56701	2.723406877198765
0.56801	2.7261859347282833
0.56901	2.728961451975283
0.57001	2.7317334376939155
0.57101	2.7345019006383326
0.57201	2.737266863452645
0.57301	2.7400283413017257
0.57401	2.7427863220532
0.57501	2.7455408140012976
0.57601	2.74829182544025
0.57701	2.7510393646642872
0.57801	2.75378343996764
0.57901	2.756524059644539
0.58001	2.7592612319892136
0.58101	2.761994965295896
0.58201	2.764725267858816
0.58301	2.7674521479722034
0.58401	2.77017561393029
0.58501	2.7728956740273056
0.58601	2.775612336557481
0.58701	2.7783256098150475
0.58801	2.7810355020942334
0.58901	2.7837420216892714
0.59001	2.786445176894391
0.59101	2.789144976003824
0.59201	2.7918414273117986
0.59301	2.794534540463495
0.59401	2.7972243541944857
0.59501	2.7999108446167527
0.59601	2.8025940195960226
0.59701	2.805273886998024
0.59801	2.807950454688486
0.59901	2.8106237305331354
0.60001	2.8132937223977
0.60101	2.8159604381479086
0.60201	2.818623885649489
0.60301	2.8212840727681687
0.60401	2.8239410073696756
0.60501	2.8265946973197384
0.60601	2.8292451504840845
0.60701	2.8318923747284424
0.60801	2.834536377918539
0.60901	2.8371771679201037
0.61001	2.8398147525988633
0.61101	2.8424491398205465
0.61201	2.8450803374508813
0.61301	2.847708353355595
0.61401	2.8503331954004154
0.61501	2.8529548888083904
0.61601	2.8555734674408604
0.61701	2.85818889493525
0.61801	2.8608011783989675
0.61901	2.863410324939422
0.62001	2.8660163416640216
0.62101	2.868619235680176
0.62201	2.8712190140952933
0.62301	2.8738156840167823
0.62401	2.8764092525520524
0.62501	2.878999726808512
0.62601	2.88158711389357
0.62701	2.8841714209146345
0.62801	2.8867526549791145
0.62901	2.8893308231944195
0.63001	2.891905932667958
0.63101	2.8944779905071383
0.63201	2.8970470038193694
0.63301	2.8996129797120602
0.63401	2.9021759252926196
0.63501	2.904735847668456
0.63601	2.9072927539469786
0.63701	2.909846657034134
0.63801	2.9123975945664102
0.63901	2.914945536812877
0.64001	2.9174904903736345
0.64101	2.92003246184878
0.64201	2.922571457838412
0.64301	2.9251074849426297
0.64401	2.92764054976153
0.64501	2.930170658895212
0.64601	2.9326978189437747
0.64701	2.935222036507315
0.64801	2.937743318185932
0.64901	2.9402616705797247
0.65001	2.94277710028879
0.65101	2.945289613913227
0.65201	2.9477992180531345
0.65301	2.9503059193086103
0.65401	2.9528097242797533
0.65501	2.9553106395666604
0.65601	2.9578086717694316
0.65701	2.9603038274881643
0.65801	2.9627961133229572
0.65901	2.9652855358739085
0.66001	2.967772125501538
0.66101	2.9702558808105244
0.66201	2.9727367919588636
0.66301	2.9752148650851433
0.66401	2.9776901063279517
0.66501	2.9801625218258767
0.66601	2.9826321177175075
0.66701	2.9850989001414314
0.66801	2.987562875236237
0.66901	2.990024049140512
0.67001	2.992482427992845
0.67101	2.9949380179318243
0.67201	2.9973908250960384
0.67301	2.999840855624075
0.67401	3.0022881156545216
0.67501	3.004732611325968
0.67601	3.0071743487770006
0.67701	3.0096133341462092
0.67801	3.012049573572181
0.67901	3.0144830731935053
0.68001	3.016913839148769
0.68101	3.0193418775765606
0.68201	3.0217671946154687
0.68301	3.0241902138609773
0.68401	3.0266107293101463
0.68501	3.029028530988759
0.68601	3.031443618004073
0.68701	3.033855989463349
0.68801	3.036265644473845
0.68901	3.038672582142821
0.69001	3.041076801577535
0.69101	3.043478301885247
0.69201	3.0458770821732153
0.69301	3.0482731415487
0.69401	3.0506664791189593
0.69501	3.053057093991253
0.69601	3.0554449852728394
0.69701	3.057830152070978
0.69801	3.060212593492928
0.69901	3.0625923086459483
0.70001	3.0649692966372983
0.70101	3.0673435565742366
0.70201	3.0697150875640227
0.70301	3.0720838887139155
0.70401	3.074449959131174
0.70501	3.076813297923058
0.70601	3.0791732998585006
0.70701	3.0815294153023807
0.70801	3.0838828196225907
0.70901	3.0862335310493703
0.71001	3.088581567812959
0.71101	3.0909269481435957
0.71201	3.0932696902715198
0.71301	3.09560981242697
0.71401	3.097947332840187
0.71501	3.100282269741409
0.71601	3.102614641360876
0.71701	3.1049444659288263
0.71801	3.1072717616755
0.71901	3.109596546831136
0.72001	3.111918839625974
0.72101	3.114238658290253
0.72201	3.116556021054212
0.72301	3.1188709461480904
0.72401	3.1211834518021275
0.72501	3.123493556246563
0.72601	3.125801277711636
0.72701	3.128106634427586
0.72801	3.130409644624651
0.72901	3.132710326533072
0.73001	3.135009866115351
0.73101	3.137307797529863
0.73201	3.139603426102414
0.73301	3.1418967505247393
0.73401	3.1441877694885716
0.73501	3.146476481685644
0.73601	3.1487628858076913
0.73701	3.1510469805464463
0.73801	3.153328764593643
0.73901	3.1556082366410148
0.74001	3.1578853953802954
0.74101	3.1601602395032184
0.74201	3.1624327677015174
0.74301	3.1647029786669267
0.74401	3.166970871091179
0.74501	3.169236443666007
0.74601	3.171499695083147
0.74701	3.1737606240343306
0.74801	3.176019229211292
0.74901	3.1782755093057644
0.75001	3.180529463009482
0.75101	3.182781089014178
0.75201	3.1850303860115865
0.75301	3.1872773526934406
0.75401	3.1895216856299635
0.75501	3.1917634092517013
0.75601	3.194002806834176
0.75701	3.196239882971809
0.75801	3.1984746422590207
0.75901	3.200707089290231
0.76001	3.2029372286598616
0.76101	3.205165064962333
0.76201	3.207390602792066
0.76301	3.209613846743481
0.76401	3.2118348014109994
0.76501	3.2140534713890414
0.76601	3.216269861272027
0.76701	3.2184839756543786
0.76801	3.2206958191305155
0.76901	3.2229053962948595
0.77001	3.2251127117418306
0.77101	3.2273177700658495
0.77201	3.2295205758613372
0.77301	3.2317211337227145
0.77401	3.233919448244402
0.77501	3.23611552402082
0.77601	3.23830936564639
0.77701	3.2405009777155325
0.77801	3.2426903678343004
0.77901	3.2448776796904193
0.78001	3.2470627745011433
0.78101	3.2492456554315563
0.78201	3.251426325646741
0.78301	3.2536047883117796
0.78401	3.255781046591755
0.78501	3.2579551036517507
0.78601	3.260126962656849
0.78701	3.2622966267721334
0.78801	3.264464099162686
0.78901	3.2666293829935893
0.79001	3.268792481429927
0.79101	3.270953397636782
0.79201	3.273112134779237
0.79301	3.275268696022374
0.79401	3.2774230845312764
0.79501	3.2795753034710273
0.79601	3.2817253560067092
0.79701	3.283873245303406
0.79801	3.2860189745261987
0.79901	3.2881625468401716
0.80001	3.2903039654104065
0.80101	3.292443233401987
0.80201	3.294580353979996
0.80301	3.2967152890018316
0.80401	3.298847805733323
0.80501	3.3009781875842297
0.80601	3.303106440760905
0.80701	3.3052325714697024
0.80801	3.3073565859169745
0.80901	3.3094784903090746
0.81001	3.311598290852356
0.81101	3.3137159937531724
0.81201	3.3158316052178765
0.81301	3.317945131452822
0.81401	3.3200565786643614
0.81501	3.3221659530588483
0.81601	3.324273260842636
0.81701	3.326378508222078
0.81801	3.328481701403527
0.81901	3.3305828465933365
0.82001	3.3326819499978595
0.82101	3.3347790178234495
0.82201	3.3368740562764603
0.82301	3.3389670715632436
0.82401	3.3410580698901535
0.82501	3.343147057463544
0.82601	3.3452340404897667
0.82701	3.3473190251751763
0.82801	3.349402017726125
0.82901	3.3514834236850244
0.83001	3.353562919358458
0.83101	3.355640434029492
0.83201	3.3577159695405383
0.83301	3.3597895277340095
0.83401	3.3618611104523173
0.83501	3.363930719537874
0.83601	3.365998356833092
0.83701	3.3680640241803834
0.83801	3.3701277234221605
0.83901	3.3721894564008346
0.84001	3.374249224958819
0.84101	3.3763070309385252
0.84201	3.378362876182366
0.84301	3.380416762532753
0.84401	3.382468691832098
0.84501	3.3845186659228137
0.84601	3.386566686647313
0.84701	3.3886127558480066
0.84801	3.390656875367308
0.84901	3.3926990470476284
0.85001	3.39473927273138
0.85101	3.396777554260976
0.85201	3.398813893478827
0.85301	3.4008482922273466
0.85401	3.4028806922724786
0.85501	3.4049108652113307
0.85601	3.40693910648192
0.85701	3.4089654210730043
0.85801	3.410989813973341
0.85901	3.4130122901716895
0.86001	3.415032854656807
0.86101	3.4170515124174523
0.86201	3.4190682684423828
0.86301	3.4210831277203573
0.86401	3.4230960952401337
0.86501	3.42510717599047
0.86601	3.4271163749601237
0.86701	3.4291236971378543
0.86801	3.431129147512419
0.86901	3.4331327310725768
0.87001	3.435134452807085
0.87101	3.4371343177047016
0.87201	3.4391323307541852
0.87301	3.4411284969442937
0.87401	3.4431228212637857
0.87501	3.445115308701419
0.87601	3.4471059642459516
0.87701	3.4490947928861413
0.87801	3.4510817996107472
0.87901	3.453066989408527
0.88001	3.45505039649886
0.88101	3.457032247860545
0.88201	3.4590122948837307
0.88301	3.4609905401143566
0.88401	3.4629669860983596
0.88501	3.4649416353816775
0.88601	3.4669144905102476
0.88701	3.468885554030008
0.88801	3.4708548284868956
0.88901	3.472822316426849
0.89001	3.4747880203958053
0.89101	3.476751942939702
0.89201	3.478714086604477
0.89301	3.480674453936068
0.89401	3.482633047480412
0.89501	3.4845898697834476
0.89601	3.486544923391112
0.89701	3.488498210849342
0.89801	3.4904497347040766
0.89901	3.4923994975012524
0.90001	3.494347501786808
0.90101	3.49629375010668
0.90201	3.4982382450068066
0.90301	3.500180989033125
0.90401	3.5021219847315734
0.90501	3.50406123464809
0.90601	3.5059987413286104
0.90701	3.507934474327573
0.90801	3.509868451254777
0.90901	3.5118006932380728
0.91001	3.513731203255425
0.91101	3.5156599842847998
0.91201	3.5175870393041637
0.91301	3.5195123712914818
0.91401	3.5214359832247193
0.91501	3.523357878081843
0.91601	3.5252780588408177
0.91701	3.5271965284796103
0.91801	3.5291132899761855
0.91901	3.5310283463085095
0.92001	3.5329417004545483
0.92101	3.5348533553922663
0.92201	3.5367633140996313
0.92301	3.5386715795546078
0.92401	3.5405781547351616
0.92501	3.542483042619259
0.92601	3.544386246184865
0.92701	3.5462877684099463
0.92801	3.5481876122724674
0.92901	3.5500857807503956
0.93001	3.551982276821695
0.93101	3.5538771034643326
0.93201	3.5557702636562736
0.93301	3.557661760375484
0.93401	3.5595516123334856
0.93501	3.561439810747251
0.93601	3.5633263543517324
0.93701	3.5652112459623124
0.93801	3.5670944883943743
0.93901	3.5689760844633
0.94001	3.570856036984473
0.94101	3.572734348773275
0.94201	3.574611022645089
0.94301	3.576486061415298
0.94401	3.578359467899284
0.94501	3.5802312449124307
0.94601	3.5821013952701195
0.94701	3.583969921787734
0.94801	3.585836827280656
0.94901	3.587702114564269
0.95001	3.589565786453955
0.95101	3.591427845765097
0.95201	3.593288295313078
0.95301	3.5951471379132798
0.95401	3.597004376381085
0.95501	3.598860013531877
0.95601	3.6007140521810386
0.95701	3.6025664951439516
0.95801	3.6044173452359995
0.95901	3.6062666052725643
0.96001	3.6081142780690283
0.96101	3.609960376885311
0.96201	3.611804902529687
0.96301	3.613647849165561
0.96401	3.6154892194572827
0.96501	3.6173290160692004
0.96601	3.619167241665665
0.96701	3.621003898911025
0.96801	3.6228389904696314
0.96901	3.624672519005833
0.97001	3.6265044871839796
0.97101	3.6283348976684207
0.97201	3.6301637531235054
0.97301	3.631991056213584
0.97401	3.633816809603007
0.97501	3.635641015956122
0.97601	3.63746367793728
0.97701	3.6392847982108307
0.97801	3.6411043794411233
0.97901	3.642922424292507
0.98001	3.644738935429332
0.98101	3.6465539155159474
0.98201	3.648367367216704
0.98301	3.6501792931959502
0.98401	3.651989696118036
0.98501	3.653798578647311
0.98601	3.655605943448126
0.98701	3.6574117931848282
0.98801	3.659216130521769
0.98901	3.6610189905064363
0.99001	3.662820346162732
0.99101	3.664620196923148
0.99201	3.6664185451780975
0.99301	3.6682153933179937
0.99401	3.670010743733251
0.99501	3.671804598814282
0.99601	3.6735969609515013
0.99701	3.675387832535322
0.99801	3.677177215956158
0.99901	3.6789651136044235
1.00001	3.6807515278705307
1.00101	3.682536461144894
1.00201	3.6843199158179276
1.00301	3.6861018942800445
1.00401	3.6878823989216585
1.00501	3.6896614321331827
1.00601	3.6914389963050316
1.00701	3.6932150938276176
1.00801	3.6949897270913565
1.00901	3.6967628984866594
1.01001	3.698534610403942
1.01101	3.700304865233617
1.01201	3.7020736653660977
1.01301	3.703841013191798
1.01401	3.7056069111011327
1.01501	3.7073713614845136
1.01601	3.7091343667323553
1.01701	3.7108959333315106
1.01801	3.712656060058484
1.01901	3.7144147487601074
1.02001	3.7161720017920863
1.02101	3.717927821510123
1.02201	3.7196822102699234
1.02301	3.7214351704271897
1.02401	3.723186704337627
1.02501	3.724936814356939
1.02601	3.7266855028408297
1.02701	3.7284327721450032
1.02801	3.7301786246251636
1.02901	3.7319230626370143
1.03001	3.7336660885362605
1.03101	3.7354077046786047
1.03201	3.7371479134197525
1.03301	3.738886717115406
1.03401	3.740624118121271
1.03501	3.7423601187930506
1.03601	3.744094721486449
1.03701	3.74582792855717
1.03801	3.747559742360918
1.03901	3.749290165253397
1.04001	3.751019199590311
1.04101	3.752746847727363
1.04201	3.7544731120202584
1.04301	3.7561979948247
1.04401	3.7579214984963936
1.04501	3.759643643561424
1.04601	3.7613644345210604
1.04701	3.7630838530360173
1.04801	3.764801901179166
1.04901	3.766518581023378
1.05001	3.768233894641524
1.05101	3.769947844106475
1.05201	3.771660431491103
1.05301	3.77337165886828
1.05401	3.775081528310875
1.05501	3.776790041891761
1.05601	3.7784972016838076
1.05701	3.7802030097598878
1.05801	3.781907468192871
1.05901	3.7836105790556296
1.06001	3.785312344421034
1.06101	3.787012766361957
1.06201	3.7887118469512675
1.06301	3.7904095882618383
1.06401	3.7921059923665403
1.06501	3.7938010613382445
1.06601	3.795494797249822
1.06701	3.797187202174144
1.06801	3.798878278184082
1.06901	3.800568027352507
1.07001	3.80225645175229
1.07101	3.803943553456303
1.07201	3.8056293345374157
1.07301	3.807313797068501
1.07401	3.8089969412845184
1.07501	3.810678770160581
1.07601	3.8123592867356026
1.07701	3.8140384931023155
1.07801	3.815716391353448
1.07901	3.817392983581733
1.08001	3.8190682718798983
1.08101	3.820742258340677
1.08201	3.8224149450567975
1.08301	3.8240863341209916
1.08401	3.8257564276259894
1.08501	3.8274252276645218
1.08601	3.829092736329318
1.08701	3.8307589557131094
1.08801	3.8324238879086265
1.08901	3.8340875350086
1.09001	3.83574989910576
1.09101	3.8374109822928366
1.09201	3.839070786662561
1.09301	3.840729314307664
1.09401	3.8423865673208746
1.09501	3.844042547794925
1.09601	3.8456972578225446
1.09701	3.847350699496464
1.09801	3.849002874909414
1.09901	3.8506537861541252
1.10001	3.852303435323327
1.10101	3.8539518245097515
1.10201	3.855598955806128
1.10301	3.8572448504367745
1.10401	3.8588895139415635
1.10501	3.8605329254492724
1.10601	3.862175086762298
1.10701	3.8638159996830423
1.10801	3.865455666013905
1.10901	3.8670940875572852
1.11001	3.8687312661155833
1.11101	3.8703672034912
1.11201	3.872001901486533
1.11301	3.873635361903984
1.11401	3.8752675865459523
1.11501	3.8768985772148383
1.11601	3.878528335713041
1.11701	3.8801568638429615
1.11801	3.8817841634069987
1.11901	3.8834102362075527
1.12001	3.8850350840470234
1.12101	3.8866587087278113
1.12201	3.888281112052315
1.12301	3.889902295822936
1.12401	3.8915222618420735
1.12501	3.893141011912127
1.12601	3.8947585478354965
1.12701	3.896374871414582
1.12801	3.897989984451784
1.12901	3.8996038887495015
1.13001	3.9012165861101353
1.13101	3.9028280783360847
1.13201	3.904438367229749
1.13301	3.9060474509202505
1.13401	3.907655334320647
1.13501	3.909262019845836
1.13601	3.910867509327012
1.13701	3.9124718045953686
1.13801	3.9140749074820973
1.13901	3.9156768198183927
1.14001	3.917277543435447
1.14101	3.9188770801644544
1.14201	3.920475431836608
1.14301	3.9220726002831006
1.14401	3.923668587335125
1.14501	3.925263394823875
1.14601	3.926857024580544
1.14701	3.928449478436325
1.14801	3.930040758222411
1.14901	3.931630865769996
1.15001	3.9332198029102723
1.15101	3.934807571474434
1.15201	3.936394173293673
1.15301	3.937979610199184
1.15401	3.9395638840221587
1.15501	3.9411469965937913
1.15601	3.942728949745275
1.15701	3.9443097453078035
1.15801	3.9458893851125687
1.15901	3.9474678709907653
1.16001	3.949045204773585
1.16101	3.950621388292222
1.16201	3.952196423377869
1.16301	3.953770346274917
1.16401	3.955343129063149
1.16501	3.956914768460258
1.16601	3.9584852660386844
1.16701	3.960054623370875
1.16801	3.9616228420292723
1.16901	3.963189923586322
1.17001	3.964755869614467
1.17101	3.9663206816861507
1.17201	3.9678843613738186
1.17301	3.969446910249914
1.17401	3.9710083298868817
1.17501	3.9725686218571648
1.17601	3.9741277877332077
1.17701	3.9756858290874546
1.17801	3.977242747492349
1.17901	3.978798544520336
1.18001	3.98035322174386
1.18101	3.981906780735364
1.18201	3.983459223067292
1.18301	3.9850105503120883
1.18401	3.986560764042198
1.18501	3.9881098658300633
1.18601	3.989657857248129
1.18701	3.9912047398688397
1.18801	3.99275051526464
1.18901	3.9942951850079718
1.19001	3.995838750671282
1.19101	3.997381213827012
1.19201	3.9989225760476073
1.19301	4.000462838776696
1.19401	4.002002003586326
1.19501	4.003540072180424
1.19601	4.005077046133095
1.19701	4.006612927018443
1.19801	4.008147716410573
1.19901	4.0096814158835885
1.20001	4.0112140270115955
1.20101	4.012745551368698
1.20201	4.0142759905290015
1.20301	4.015805346066609
1.20401	4.017333619555627
1.20501	4.01886081257016
1.20601	4.020386926684311
1.20701	4.021911963472185
1.20801	4.023435924507889
1.20901	4.024958811365525
1.21001	4.0264806256191985
1.21101	4.0280013688430145
1.21201	4.029521042611077
1.21301	4.031039648497492
1.21401	4.032557188076362
1.21501	4.034073662921795
1.21601	4.035589074607892
1.21701	4.037103424708759
1.21801	4.0386167147985015
1.21901	4.0401289464512224
1.22001	4.041640121241029
1.22101	4.0431502407420234
1.22201	4.044659306528311
1.22301	4.046167320173998
1.22401	4.047674294811305
1.22501	4.049180224725443
1.22601	4.050685107062513
1.22701	4.052188943297185
1.22801	4.053691734904133
1.22901	4.055193483358031
1.23001	4.056694190133551
1.23101	4.0581938567053655
1.23201	4.059692484548149
1.23301	4.061190075136574
1.23401	4.062686629945315
1.23501	4.064182150449042
1.23601	4.065676638122431
1.23701	4.067170094440154
1.23801	4.0686625208768845
1.23901	4.070153918907295
1.24001	4.071644290006058
1.24101	4.0731336356478485
1.24201	4.074621957307338
1.24301	4.0761092564592
1.24401	4.077595534578109
1.24501	4.079080793138735
1.24601	4.0805650336157555
1.24701	4.082048257483839
1.24801	4.083530466217662
1.24901	4.085011661291896
1.25001	4.086491844181214
1.25101	4.08797101636029
1.25201	4.089449179303797
1.25301	4.090926334486406
1.25401	4.092402483382794
1.25501	4.0938776417851015
1.25601	4.095351807794664
1.25701	4.0968249717202605
1.25801	4.09829713488198
1.25901	4.099768298599907
1.26001	4.101238464194129
1.26101	4.102707632984733
1.26201	4.104175806291808
1.26301	4.1056429854354395
1.26401	4.107109171735715
1.26501	4.10857436651272
1.26601	4.110038571086545
1.26701	4.111501786777271
1.26801	4.112964014904993
1.26901	4.114425256789792
1.27001	4.115885513751757
1.27101	4.117344787110976
1.27201	4.1188030781875336
1.27301	4.120260388301519
1.27401	4.121716718773019
1.27501	4.123172070922118
1.27601	4.124626446068907
1.27701	4.126079845533471
1.27801	4.127532270635897
1.27901	4.1289837226962725
1.28001	4.130434203034684
1.28101	4.131883712971219
1.28201	4.133332253825965
1.28301	4.134779826919007
1.28401	4.136226433570434
1.28501	4.137672075100333
1.28601	4.139116752866656
1.28701	4.140560471582995
1.28801	4.1420032291198785
1.28901	4.143445026776731
1.29001	4.144885865852978
1.29101	4.146325747648042
1.29201	4.14776467346135
1.29301	4.149202644592326
1.29401	4.150639662340395
1.29501	4.152075728004979
1.29601	4.153510842885507
1.29701	4.154945008281401
1.29801	4.156378225492086
1.29901	4.157810495816987
1.30001	4.159241820555528
1.30101	4.160672201007135
1.30201	4.162101638471232
1.30301	4.163530134247244
1.30401	4.164957689634595
1.30501	4.16638430593271
1.30601	4.167809984441014
1.30701	4.169234726458932
1.30801	4.170658533285886
1.30901	4.172081406221304
1.31001	4.17350334656461
1.31101	4.174924355615229
1.31201	4.176344434672583
1.31301	4.177763585036098
1.31401	4.179181808005201
1.31501	4.180599104879316
1.31601	4.182015476957864
1.31701	4.183430925540274
1.31801	4.184845453456422
1.31901	4.186259082591819
1.32001	4.1876717920009785
1.32101	4.189083582845885
1.32201	4.190494456288523
1.32301	4.191904413490876
1.32401	4.193313455614931
1.32501	4.1947215838226715
1.32601	4.196128799276083
1.32701	4.197535103137149
1.32801	4.198940496567854
1.32901	4.200344980730184
1.33001	4.201748556786122
1.33101	4.203151225897654
1.33201	4.204552989226765
1.33301	4.205953847935439
1.33401	4.20735380318566
1.33501	4.208752856139414
1.33601	4.210151007958684
1.33701	4.211548259805458
1.33801	4.212944612841716
1.33901	4.214340068229447
1.34001	4.215734627130633
1.34101	4.21712829070726
1.34201	4.218521060121311
1.34301	4.219912936534772
1.34401	4.221303921109628
1.34501	4.222694015007865
1.34601	4.2240832193914635
1.34701	4.225471535422411
1.34801	4.226858964262692
1.34901	4.228245507074291
1.35001	4.229631165019193
1.35101	4.231015941001855
1.35201	4.232399835089729
1.35301	4.233782847775156
1.35401	4.235164980206521
1.35501	4.236546233532212
1.35601	4.237926608900612
1.35701	4.239306107460106
1.35801	4.240684730359081
1.35901	4.242062478745919
1.36001	4.243439353769009
1.36101	4.2448153565767335
1.36201	4.246190488317479
1.36301	4.24756475013963
1.36401	4.248938143191571
1.36501	4.2503106686216885
1.36601	4.251682327578368
1.36701	4.253053121209993
1.36801	4.25442305066495
1.36901	4.255792117091623
1.37001	4.2571603216383975
1.37101	4.258527665453661
1.37201	4.2598941496857945
1.37301	4.261259775483186
1.37401	4.262624543994221
1.37501	4.263988456367282
1.37601	4.2653515137507565
1.37701	4.26671371729303
1.37801	4.268075068142485
1.37901	4.26943556744751
1.38001	4.270795216356487
1.38101	4.272154016017804
1.38201	4.273511967579844
1.38301	4.274869072190994
1.38401	4.276225348212383
1.38501	4.277580779559615
1.38601	4.2789353672226245
1.38701	4.280289112254132
1.38801	4.281642015706855
1.38901	4.282994078633516
1.39001	4.28434530208683
1.39101	4.285695687119519
1.39201	4.287045234784301
1.39301	4.288393946133895
1.39401	4.28974182222102
1.39501	4.291088864098396
1.39601	4.29243507281874
1.39701	4.293780449434773
1.39801	4.295124994999214
1.39901	4.296468710564781
1.40001	4.297811597184194
1.40101	4.299153655910173
1.40201	4.300494887795434
1.40301	4.301835293892699
1.40401	4.303174875254686
1.40501	4.304513632934114
1.40601	4.305851567983703
1.40701	4.307188681456171
1.40801	4.3085249744042375
1.40901	4.309860447880621
1.41001	4.311195102938042
1.41101	4.312528940629218
1.41201	4.31386196200687
1.41301	4.315194168123715
1.41401	4.316525560032473
1.41501	4.317856138785864
1.41601	4.319185905436606
1.41701	4.3205148710609915
1.41801	4.321843028083643
1.41901	4.323170376053713
1.42001	4.324496915961925
1.42101	4.325822648799008
1.42201	4.3271475755556885
1.42301	4.328471697222695
1.42401	4.329795014790753
1.42501	4.331117529250592
1.42601	4.332439241592937
1.42701	4.333760152808517
1.42801	4.335080263888058
1.42901	4.336399575822287
1.43001	4.337718089601933
1.43101	4.339035806217721
1.43201	4.340352726660381
1.43301	4.3416688519206375
1.43401	4.342984182989219
1.43501	4.344298720856852
1.43601	4.3456124665142655
1.43701	4.346925420952184
1.43801	4.348237585161337
1.43901	4.349548960132452
1.44001	4.350859546856254
1.44101	4.352169346323472
1.44201	4.353478359524833
1.44301	4.354786587451063
1.44401	4.356094031092891
1.44501	4.357400691441043
1.44601	4.358706569486246
1.44701	4.360011666219229
1.44801	4.361315982630719
1.44901	4.3626195197114415
1.45001	4.363922284111728
1.45101	4.365224281186676
1.45201	4.36652550180105
1.45301	4.3678259468626335
1.45401	4.369125617279209
1.45501	4.37042451395856
1.45601	4.371722637808474
1.45701	4.373019989736732
1.45801	4.374316570651118
1.45901	4.375612381459418
1.46001	4.376907423069415
1.46101	4.378201696388892
1.46201	4.379495202325634
1.46301	4.380787941787425
1.46401	4.382079915682049
1.46501	4.383371124917289
1.46601	4.384661570400932
1.46701	4.3859512530407585
1.46801	4.387240173744554
1.46901	4.388528333420103
1.47001	4.389815732975189
1.47101	4.391102373317595
1.47201	4.392388255355106
1.47301	4.393673379995507
1.47401	4.394957748146581
1.47501	4.396241360716111
1.47601	4.397524218611883
1.47701	4.39880632274168
1.47801	4.400087674013285
1.47901	4.401368273334484
1.48001	4.402648121613059
1.48101	4.403927219756796
1.48201	4.405205568673479
1.48301	4.4064831692708895
1.48401	4.407760022754111
1.48501	4.409036130089454
1.48601	4.410311491824411
1.48701	4.411586108863386
1.48801	4.412859982110788
1.48901	4.414133112471026
1.49001	4.4154055008485065
1.49101	4.416677148147638
1.49201	4.417948055272828
1.49301	4.4192182231284844
1.49401	4.420487652619014
1.49501	4.421756344648826
1.49601	4.423024300122327
1.49701	4.424291519943925
1.49801	4.425558005018028
1.49901	4.426823756249044
1.50001	4.428088774541379
1.50101	4.429353060799444
1.50201	4.430616615927643
1.50301	4.431879440830386
1.50401	4.433141536412081
1.50501	4.434402903577134
1.50601	4.435663543229955
1.50701	4.4369234562749496
1.50801	4.438182643616527
1.50901	4.4394411061590935
1.51001	4.440698844807058
1.51101	4.441955860464828
1.51201	4.443212154036813
1.51301	4.444467726427416
1.51401	4.44572257854105
1.51501	4.446976711282118
1.51601	4.448230125555033
1.51701	4.449482822264198
1.51801	4.450734804652773
1.51901	4.4519860838848855
1.52001	4.4532366481891374
1.52101	4.454486498394543
1.52201	4.455735635330119
1.52301	4.45698405982488
1.52401	4.458231772707842
1.52501	4.459478774808021
1.52601	4.460725066954432
1.52701	4.46197064997609
1.52801	4.4632155247020115
1.52901	4.464459691961211
1.53001	4.465703152582705
1.53101	4.466945907395508
1.53201	4.468187957228636
1.53301	4.469429302911105
1.53401	4.470669945271929
1.53501	4.471909885140126
1.53601	4.473149123344709
1.53701	4.474387660714695
1.53801	4.475625498079099
1.53901	4.476862636266937
1.54001	4.478099076107223
1.54101	4.479334818428974
1.54201	4.480569864061205
1.54301	4.481804213832932
1.54401	4.483037868573169
1.54501	4.484270829110934
1.54601	4.485503096275241
1.54701	4.486734670895104
1.54801	4.487965553799542
1.54901	4.489195745817567
1.55001	4.490425247778197
1.55101	4.491654060510447
1.55201	4.492882184843331
1.55301	4.49410962819357
1.55401	4.495336392307437
1.55501	4.4965624704159906
1.55601	4.497787863278632
1.55701	4.4990125716547675
1.55801	4.500236596303801
1.55901	4.501459937985135
1.56001	4.502682597458175
1.56101	4.503904575482324
1.56201	4.505125872816988
1.56301	4.506346490221571
1.56401	4.507566428455474
1.56501	4.508785688278105
1.56601	4.510004270448866
1.56701	4.511222175727162
1.56801	4.512439404872396
1.56901	4.513655958643973
1.57001	4.514871837801297
1.57101	4.516087043103773
1.57201	4.517301575310803
1.57301	4.5185154351817935
1.57401	4.519728623476146
1.57501	4.520941140953268
1.57601	4.522152988372561
1.57701	4.52336416649343
1.57801	4.524574676075279
1.57901	4.525784517877512
1.58001	4.526993692659534
1.58101	4.528202201180748
1.58201	4.529410044200558
1.58301	4.530617222478369
1.58401	4.531823736773586
1.58501	4.533029587845611
1.58601	4.53423477645385
1.58701	4.535439303357705
1.58801	4.536643170931529
1.58901	4.537846380895245
1.59001	4.539048931407414
1.59101	4.540250823207206
1.59201	4.54145205703379
1.59301	4.5426526336263375
1.59401	4.543852553724018
1.59501	4.545051818066002
1.59601	4.546250427391458
1.59701	4.5474483824395575
1.59801	4.54864568394947
1.59901	4.549842332660365
1.60001	4.551038329311413
1.60101	4.5522336746417835
1.60201	4.553428369390646
1.60301	4.554622414297174
1.60401	4.555815810100533
1.60501	4.557008557539895
1.60601	4.55820065735443
1.60701	4.559392110283308
1.60801	4.560582917065698
1.60901	4.561773078440772
1.61001	4.562962595147698
1.61101	4.5641514679256465
1.61201	4.565339697513789
1.61301	4.5665272846512925
1.61401	4.56771423007733
1.61501	4.56890053453107
1.61601	4.5700861987516825
1.61701	4.571271223478338
1.61801	4.5724556094502065
1.61901	4.573639357406456
1.62001	4.57482246808626
1.62101	4.576004942228786
1.62201	4.5771867805732045
1.62301	4.578367983858686
1.62401	4.579548564847157
1.62501	4.58072851338042
1.62601	4.5819078289614135
1.62701	4.583086512267052
1.62801	4.58426456397425
1.62901	4.585441984759921
1.63001	4.5866187753009795
1.63101	4.587794936274341
1.63201	4.5889704683569175
1.63301	4.590145372225625
1.63401	4.591319648557375
1.63501	4.592493298029085
1.63601	4.5936663213176665
1.63701	4.594838719100036
1.63801	4.596010492053105
1.63901	4.5971816408537896
1.64001	4.598352166179003
1.64101	4.59952206870566
1.64201	4.600691349110674
1.64301	4.60186000807096
1.64401	4.6030280462634305
1.64501	4.604195464365001
1.64601	4.605362263052586
1.64701	4.6065284430031
1.64801	4.607694004893455
1.64901	4.608858949400568
1.65001	4.610023277201349
1.65101	4.611186988972717
1.65201	4.612350085391582
1.65301	4.613512567134861
1.65401	4.614674434879467
1.65501	4.6158356893023145
1.65601	4.616996331080316
1.65701	4.618156360890389
1.65801	4.619315779409445
1.65901	4.620474587271572
1.66001	4.621632784296389
1.66101	4.622790372064914
1.66201	4.623947351258415
1.66301	4.625103722558158
1.66401	4.626259486645411
1.66501	4.627414644201442
1.66601	4.628569195907516
1.66701	4.629723142444902
1.66801	4.630876484494868
1.66901	4.632029222738679
1.67001	4.633181357857603
1.67101	4.634332890532909
1.67201	4.635483821445862
1.67301	4.636634151277731
1.67401	4.637783880709781
1.67501	4.6389330104232815
1.67601	4.640081541099499
1.67701	4.6412294734197
1.67801	4.642376808065154
1.67901	4.643523545717125
1.68001	4.644669687056883
1.68101	4.645815232765694
1.68201	4.646960183524825
1.68301	4.648104540015543
1.68401	4.649248302919117
1.68501	4.650391472916813
1.68601	4.6515340506899
1.68701	4.652676036919641
1.68801	4.653817432287308
1.68901	4.654958237474166
1.69001	4.656098453161483
1.69101	4.657238080030523
1.69201	4.658377118762559
1.69301	4.659515570038853
1.69401	4.660653434540676
1.69501	4.661790712949293
1.69601	4.662927422891404
1.69701	4.664063552604785
1.69801	4.665199098107775
1.69901	4.666334059984492
1.70001	4.667468438819055
1.70101	4.668602235195583
1.70201	4.6697354496981935
1.70301	4.6708680829110065
1.70401	4.672000135418139
1.70501	4.673131607803709
1.70601	4.674262500651838
1.70701	4.675392814546641
1.70801	4.67652255007224
1.70901	4.67765170781275
1.71001	4.678780288352291
1.71101	4.679908292274983
1.71201	4.681035720164942
1.71301	4.682162572606288
1.71401	4.68328885018314
1.71501	4.684414553479615
1.71601	4.685539683079832
1.71701	4.68666423956791
1.71801	4.687788223527967
1.71901	4.688911635544122
1.72001	4.690034476200494
1.72101	4.6911567460812
1.72201	4.692278445770359
1.72301	4.69339957585209
1.72401	4.694520136910511
1.72501	4.695640129529741
1.72601	4.696759554293899
1.72701	4.697878411787102
1.72801	4.69899670259347
1.72901	4.7001144272971205
1.73001	4.701231586482173
1.73101	4.702348180732744
1.73201	4.703464210393779
1.73301	4.704579674798478
1.73401	4.705694576028759
1.73501	4.706808914676389
1.73601	4.707922691333135
1.73701	4.709035906590761
1.73801	4.710148561041037
1.73901	4.71126065527573
1.74001	4.7123721898866044
1.74101	4.713483165465428
1.74201	4.714593582603968
1.74301	4.715703441893992
1.74401	4.716812743927266
1.74501	4.717921489295556
1.74601	4.71902967859063
1.74701	4.720137312404254
1.74801	4.721244391328196
1.74901	4.722350915954222
1.75001	4.723456886874099
1.75101	4.724562304679595
1.75201	4.725667169962475
1.75301	4.726771483314506
1.75401	4.727875245327456
1.75501	4.728978456593092
1.75601	4.730081117703179
1.75701	4.731183229249486
1.75801	4.732284791823778
1.75901	4.733385806017823
1.76001	4.734486272423388
1.76101	4.735586191632239
1.76201	4.736685564236143
1.76301	4.737784390826867
1.76401	4.738882671996179
1.76501	4.739980408335843
1.76601	4.74107760043763
1.76701	4.742174248893303
1.76801	4.74327035429463
1.76901	4.744365917938033
1.77001	4.745460946288373
1.77101	4.746555433329204
1.77201	4.747649379620767
1.77301	4.748742785723293
1.77401	4.749835652197019
1.77501	4.7509279796021815
1.77601	4.752019768499015
1.77701	4.753111019447753
1.77801	4.754201733008634
1.77901	4.755291909741892
1.78001	4.756381550207763
1.78101	4.75747065496648
1.78201	4.758559224578282
1.78301	4.759647259603402
1.78401	4.760734760602076
1.78501	4.76182172813454
1.78601	4.762908162761028
1.78701	4.763994065041778
1.78801	4.765079435537022
1.78901	4.766164274806997
1.79001	4.767248583411939
1.79101	4.7683323619120825
1.79201	4.7694156108676635
1.79301	4.770498330838918
1.79401	4.771580522386079
1.79501	4.772662186069385
1.79601	4.77374332244907
1.79701	4.774823932085369
1.79801	4.775904015538518
1.79901	4.776983573368751
1.80001	4.778062606136305
1.80101	4.7791411144014155
1.80201	4.7802190987243165
1.80301	4.781296559665245
1.80401	4.782373497784435
1.80501	4.783449913642123
1.80601	4.784525807798544
1.80701	4.785601191137073
1.80801	4.786676059100816
1.80901	4.787750406942904
1.81001	4.788824235157609
1.81101	4.789897544239204
1.81201	4.790970334681961
1.81301	4.7920426069801545
1.81401	4.793114361628054
1.81501	4.794185599119936
1.81601	4.795256319950068
1.81701	4.796326524612728
1.81801	4.797396213602186
1.81901	4.7984653874127146
1.82001	4.799534046538587
1.82101	4.800602191474074
1.82201	4.801669822713451
1.82301	4.8027369407509894
1.82401	4.803803546080961
1.82501	4.804869639197641
1.82601	4.805935220595299
1.82701	4.807000290768209
1.82801	4.808064850210643
1.82901	4.809128899416875
1.83001	4.810192438881176
1.83101	4.81125546909782
1.83201	4.812317990561079
1.83301	4.813380003765225
1.83401	4.814441509204532
1.83501	4.815502507373272
1.83601	4.816562998765717
1.83701	4.81762298387614
1.83801	4.818682463198813
1.83901	4.819741437228012
1.84001	4.820799906458005
1.84101	4.821857871383067
1.84201	4.8229153324974705
1.84301	4.823972290295488
1.84401	4.825028745271391
1.84501	4.8260846995179465
1.84601	4.8271401522347475
1.84701	4.82819510359873
1.84801	4.829249554096246
1.84901	4.830303504213648
1.85001	4.831356954437289
1.85101	4.83240990525352
1.85201	4.833462357148692
1.85301	4.834514310609158
1.85401	4.835565766121269
1.85501	4.836616724171379
1.85601	4.837667185245838
1.85701	4.838717149830999
1.85801	4.839766618413213
1.85901	4.840815591478833
1.86001	4.841864069514209
1.86101	4.842912053005696
1.86201	4.843959542439642
1.86301	4.845006538302403
1.86401	4.846053041080329
1.86501	4.847099051259772
1.86601	4.848144569327083
1.86701	4.849189595768615
1.86801	4.85023413107072
1.86901	4.85127817571975
1.87001	4.852321730202057
1.87101	4.853364795003992
1.87201	4.854407370611908
1.87301	4.855449457512156
1.87401	4.856491056191089
1.87501	4.857532167135059
1.87601	4.858572790830416
1.87701	4.859612927763513
1.87801	4.860652578420703
1.87901	4.861691743288338
1.88001	4.862730422852768
1.88101	4.863768617600346
1.88201	4.8648063280174245
1.88301	4.865843553192946
1.88401	4.8668802941606275
1.88501	4.86791655227051
1.88601	4.8689523280181035
1.88701	4.869987621898917
1.88801	4.871022434408461
1.88901	4.872056766042248
1.89001	4.8730906172957855
1.89101	4.874123988664584
1.89201	4.875156880644155
1.89301	4.876189293730008
1.89401	4.877221228417654
1.89501	4.878252685202603
1.89601	4.879283664580363
1.89701	4.880314167046446
1.89801	4.881344193096363
1.89901	4.8823737432256245
1.90001	4.883402817929738
1.90101	4.884431417704215
1.90201	4.8854595430445675
1.90301	4.886487194446304
1.90401	4.887514372404934
1.90501	4.88854107741597
1.90601	4.88956730997492
1.90701	4.890593070577296
1.90801	4.891618359718607
1.90901	4.892643177894364
1.91001	4.893667525600075
1.91101	4.8946914033312545
1.91201	4.895714811583408
1.91301	4.89673775085205
1.91401	4.897760221632688
1.91501	4.898782224420833
1.91601	4.899803759711994
1.91701	4.900824828001684
1.91801	4.901845429785411
1.91901	4.902865565558686
1.92001	4.903885235817018
1.92101	4.904904441055919
1.92201	4.905923181770899
1.92301	4.906941458457467
1.92401	4.9079592716111335
1.92501	4.908976621727411
1.92601	4.909993509301806
1.92701	4.91100993482983
1.92801	4.912025898806996
1.92901	4.913041401728811
1.93001	4.914056444090786
1.93101	4.915071026388431
1.93201	4.916085149117257
1.93301	4.917098812772775
1.93401	4.9181120178504925
1.93501	4.919124764845923
1.93601	4.920137054254573
1.93701	4.921148886571956
1.93801	4.9221602622935805
1.93901	4.923171181914958
1.94001	4.924181645931597
1.94101	4.92519165483901
1.94201	4.926201209132704
1.94301	4.927210309308191
1.94401	4.9282189558609835
1.94501	4.929227149286588
1.94601	4.9302348900805155
1.94701	4.9312421787382785
1.94801	4.932249015755385
1.94901	4.933255401627346
1.95001	4.934261336849672
1.95101	4.935266821917872
1.95201	4.936271857327458
1.95301	4.937276443573938
1.95401	4.938280581152824
1.95501	4.939284270559626
1.95601	4.940287512289855
1.95701	4.941290306839019
1.95801	4.942292654702629
1.95901	4.943294556376196
1.96001	4.944296012355229
1.96101	4.94529702313524
1.96201	4.946297589211739
1.96301	4.947297711080234
1.96401	4.948297389236237
1.96501	4.9492966241752585
1.96601	4.950295416392808
1.96701	4.951293766384395
1.96801	4.952291674645531
1.96901	4.953289141671726
1.97001	4.95428616795849
1.97101	4.955282754001334
1.97201	4.956278900295765
1.97301	4.957274607337298
1.97401	4.958269875621441
1.97501	4.959264705643703
1.97601	4.960259097899596
1.97701	4.961253052884628
1.97801	4.962246571094313
1.97901	4.963239653024157
1.98001	4.964232299169673
1.98101	4.9652245100263706
1.98201	4.966216286089759
1.98301	4.967207627855351
1.98401	4.968198535818654
1.98501	4.969189010475179
1.98601	4.970179052320437
1.98701	4.971168661849937
1.98801	4.972157839559191
1.98901	4.973146585943707
1.99001	4.9741349014989975
1.99101	4.975122786720571
1.99201	4.976110242103939
1.99301	4.97709726814461
1.99401	4.978083865338097
1.99501	4.979070034179907
1.99601	4.980055775165551
1.99701	4.981041088790541
1.99801	4.982025975550387
1.99901	4.983010435940598